{
 "cells": [
  {
   "cell_type": "code",
   "execution_count": null,
   "metadata": {},
   "outputs": [],
   "source": [
    "#install.packages(\"slam\")\n",
    "#install.packages(\"maptpx\")"
   ]
  },
  {
   "cell_type": "code",
   "execution_count": 17,
   "metadata": {},
   "outputs": [],
   "source": [
    "library(\"slam\")\n",
    "library(\"maptpx\")"
   ]
  },
  {
   "cell_type": "code",
   "execution_count": 24,
   "metadata": {},
   "outputs": [],
   "source": [
    "CVEC <- read.csv(\"eo_cvec_test.csv\", header=FALSE)\n",
    "CVEC <- as.matrix(CVEC)\n",
    "K <- 5"
   ]
  },
  {
   "cell_type": "code",
   "execution_count": 25,
   "metadata": {},
   "outputs": [
    {
     "name": "stdout",
     "output_type": "stream",
     "text": [
      "\n",
      "Estimating on a 100 document collection.\n",
      "Fitting the 5 topic model.\n",
      "log posterior increase: 1861.4, 1631.2, 450.4, 104.4, 29.5, 14, 10.3, 2.9, 2.5, 0.5, 0.3, done.\n"
     ]
    }
   ],
   "source": [
    "fit <- topics(CVEC, 5)"
   ]
  },
  {
   "cell_type": "code",
   "execution_count": 26,
   "metadata": {},
   "outputs": [
    {
     "data": {
      "text/html": [
       "<table>\n",
       "<thead><tr><th></th><th scope=col>1</th><th scope=col>2</th><th scope=col>3</th><th scope=col>4</th><th scope=col>5</th></tr></thead>\n",
       "<tbody>\n",
       "\t<tr><th scope=row>doc 1</th><td>0.0003804881</td><td>0.0003629870</td><td>0.0003887559</td><td>0.0004963133</td><td>0.9983714558</td></tr>\n",
       "\t<tr><th scope=row>doc 2</th><td>0.0787720082</td><td>0.0004294764</td><td>0.9194568572</td><td>0.0009208929</td><td>0.0004207653</td></tr>\n",
       "\t<tr><th scope=row>doc 3</th><td>0.2427068714</td><td>0.7541407385</td><td>0.0011033368</td><td>0.0011612244</td><td>0.0008878289</td></tr>\n",
       "\t<tr><th scope=row>doc 4</th><td>0.0006958649</td><td>0.0007954995</td><td>0.9966584394</td><td>0.0009816394</td><td>0.0008685568</td></tr>\n",
       "\t<tr><th scope=row>doc 5</th><td>0.7322666818</td><td>0.2648367178</td><td>0.0008143191</td><td>0.0009495948</td><td>0.0011326865</td></tr>\n",
       "\t<tr><th scope=row>doc 6</th><td>0.0024690337</td><td>0.9947184369</td><td>0.0008444133</td><td>0.0009079688</td><td>0.0010601473</td></tr>\n",
       "\t<tr><th scope=row>doc 7</th><td>0.0004053569</td><td>0.0004854877</td><td>0.9976364545</td><td>0.0009509616</td><td>0.0005217393</td></tr>\n",
       "\t<tr><th scope=row>doc 8</th><td>0.0009355387</td><td>0.2263843444</td><td>0.0010035108</td><td>0.0006889765</td><td>0.7709876296</td></tr>\n",
       "\t<tr><th scope=row>doc 9</th><td>0.0002743215</td><td>0.0002905386</td><td>0.0017313983</td><td>0.9973673553</td><td>0.0003363862</td></tr>\n",
       "\t<tr><th scope=row>doc 10</th><td>0.7574551148</td><td>0.2406038249</td><td>0.0007016873</td><td>0.0005767519</td><td>0.0006626211</td></tr>\n",
       "\t<tr><th scope=row>doc 11</th><td>0.1874152568</td><td>0.0018212692</td><td>0.8021856133</td><td>0.0068625398</td><td>0.0017153208</td></tr>\n",
       "\t<tr><th scope=row>doc 12</th><td>0.9941751307</td><td>0.0011928126</td><td>0.0011437892</td><td>0.0026464026</td><td>0.0008418649</td></tr>\n",
       "\t<tr><th scope=row>doc 13</th><td>0.0006371747</td><td>0.9968089818</td><td>0.0008061844</td><td>0.0007042248</td><td>0.0010434344</td></tr>\n",
       "\t<tr><th scope=row>doc 14</th><td>0.9966004170</td><td>0.0012493731</td><td>0.0005861387</td><td>0.0008373782</td><td>0.0007266929</td></tr>\n",
       "\t<tr><th scope=row>doc 15</th><td>0.0011079911</td><td>0.0017452545</td><td>0.0007539649</td><td>0.0006327352</td><td>0.9957600544</td></tr>\n",
       "\t<tr><th scope=row>doc 16</th><td>0.2155420166</td><td>0.7826454744</td><td>0.0005651631</td><td>0.0005639901</td><td>0.0006833558</td></tr>\n",
       "\t<tr><th scope=row>doc 17</th><td>0.9975998564</td><td>0.0007965078</td><td>0.0004893855</td><td>0.0005509220</td><td>0.0005633284</td></tr>\n",
       "\t<tr><th scope=row>doc 18</th><td>0.3479396892</td><td>0.6497245630</td><td>0.0006239097</td><td>0.0007081304</td><td>0.0010037077</td></tr>\n",
       "\t<tr><th scope=row>doc 19</th><td>0.0005158882</td><td>0.1319442706</td><td>0.0003920592</td><td>0.0003776575</td><td>0.8667701245</td></tr>\n",
       "\t<tr><th scope=row>doc 20</th><td>0.0006295103</td><td>0.0007617078</td><td>0.9964008672</td><td>0.0013511689</td><td>0.0008567459</td></tr>\n",
       "\t<tr><th scope=row>doc 21</th><td>0.0002805372</td><td>0.0003639180</td><td>0.0078413680</td><td>0.0004589314</td><td>0.9910552455</td></tr>\n",
       "\t<tr><th scope=row>doc 22</th><td>0.0011679990</td><td>0.0007682565</td><td>0.0017845582</td><td>0.9954626375</td><td>0.0008165488</td></tr>\n",
       "\t<tr><th scope=row>doc 23</th><td>0.0006139915</td><td>0.0002502095</td><td>0.0007064151</td><td>0.9981725677</td><td>0.0002568162</td></tr>\n",
       "\t<tr><th scope=row>doc 24</th><td>0.0010210447</td><td>0.0007433781</td><td>0.0025969377</td><td>0.9948034123</td><td>0.0008352273</td></tr>\n",
       "\t<tr><th scope=row>doc 25</th><td>0.0005174748</td><td>0.0005558348</td><td>0.2806682914</td><td>0.7176014455</td><td>0.0006569535</td></tr>\n",
       "\t<tr><th scope=row>doc 26</th><td>0.3804048311</td><td>0.6166908161</td><td>0.0009692049</td><td>0.0009747261</td><td>0.0009604218</td></tr>\n",
       "\t<tr><th scope=row>doc 27</th><td>0.0007412483</td><td>0.6949271104</td><td>0.0005665513</td><td>0.0005607334</td><td>0.3032043566</td></tr>\n",
       "\t<tr><th scope=row>doc 28</th><td>0.9924742236</td><td>0.0022765132</td><td>0.0028474480</td><td>0.0014643807</td><td>0.0009374345</td></tr>\n",
       "\t<tr><th scope=row>doc 29</th><td>0.0007372132</td><td>0.7396155351</td><td>0.0004476733</td><td>0.0005335057</td><td>0.2586660727</td></tr>\n",
       "\t<tr><th scope=row>doc 30</th><td>0.9960823455</td><td>0.0018599491</td><td>0.0005801389</td><td>0.0006925797</td><td>0.0007849868</td></tr>\n",
       "\t<tr><th scope=row>...</th><td>...</td><td>...</td><td>...</td><td>...</td><td>...</td></tr>\n",
       "\t<tr><th scope=row>doc 71</th><td>0.9983438686</td><td>0.0004555588</td><td>0.0003668659</td><td>0.0004314624</td><td>0.0004022444</td></tr>\n",
       "\t<tr><th scope=row>doc 72</th><td>0.3632957725</td><td>0.0005621838</td><td>0.0002501390</td><td>0.6352405999</td><td>0.0006513048</td></tr>\n",
       "\t<tr><th scope=row>doc 73</th><td>0.0024187447</td><td>0.0019985076</td><td>0.3646232133</td><td>0.6276908386</td><td>0.0032686959</td></tr>\n",
       "\t<tr><th scope=row>doc 74</th><td>0.0023211543</td><td>0.9964886203</td><td>0.0003984546</td><td>0.0003901594</td><td>0.0004016115</td></tr>\n",
       "\t<tr><th scope=row>doc 75</th><td>0.0004973487</td><td>0.0004668701</td><td>0.9975974301</td><td>0.0008667417</td><td>0.0005716094</td></tr>\n",
       "\t<tr><th scope=row>doc 76</th><td>0.0003074319</td><td>0.0003214273</td><td>0.9983971376</td><td>0.0005051686</td><td>0.0004688346</td></tr>\n",
       "\t<tr><th scope=row>doc 77</th><td>0.9955495628</td><td>0.0023848825</td><td>0.0007066931</td><td>0.0006246147</td><td>0.0007342468</td></tr>\n",
       "\t<tr><th scope=row>doc 78</th><td>0.0021441736</td><td>0.7410592687</td><td>0.2512533815</td><td>0.0018193005</td><td>0.0037238757</td></tr>\n",
       "\t<tr><th scope=row>doc 79</th><td>0.9970880875</td><td>0.0012122012</td><td>0.0005759451</td><td>0.0005376289</td><td>0.0005861373</td></tr>\n",
       "\t<tr><th scope=row>doc 80</th><td>0.0009872019</td><td>0.9951484465</td><td>0.0020957365</td><td>0.0006937291</td><td>0.0010748859</td></tr>\n",
       "\t<tr><th scope=row>doc 81</th><td>0.9961092223</td><td>0.0012663420</td><td>0.0010332411</td><td>0.0007692488</td><td>0.0008219458</td></tr>\n",
       "\t<tr><th scope=row>doc 82</th><td>0.0005999661</td><td>0.0006010292</td><td>0.9973055122</td><td>0.0007524535</td><td>0.0007410390</td></tr>\n",
       "\t<tr><th scope=row>doc 83</th><td>0.3050011600</td><td>0.6921648035</td><td>0.0008865748</td><td>0.0011315056</td><td>0.0008159561</td></tr>\n",
       "\t<tr><th scope=row>doc 84</th><td>0.0010551272</td><td>0.6839139004</td><td>0.0006294710</td><td>0.0008729154</td><td>0.3135285860</td></tr>\n",
       "\t<tr><th scope=row>doc 85</th><td>0.0003991224</td><td>0.0005847757</td><td>0.0006627508</td><td>0.0007079336</td><td>0.9976454176</td></tr>\n",
       "\t<tr><th scope=row>doc 86</th><td>0.0006453149</td><td>0.8102557023</td><td>0.0004978560</td><td>0.0004485704</td><td>0.1881525564</td></tr>\n",
       "\t<tr><th scope=row>doc 87</th><td>0.9950189896</td><td>0.0022537718</td><td>0.0008583810</td><td>0.0006856906</td><td>0.0011831671</td></tr>\n",
       "\t<tr><th scope=row>doc 88</th><td>0.0009572608</td><td>0.2009335564</td><td>0.0007507765</td><td>0.0006737304</td><td>0.7966846760</td></tr>\n",
       "\t<tr><th scope=row>doc 89</th><td>0.9969186710</td><td>0.0009446548</td><td>0.0007600075</td><td>0.0007031635</td><td>0.0006735032</td></tr>\n",
       "\t<tr><th scope=row>doc 90</th><td>0.8320480052</td><td>0.1657546561</td><td>0.0007454492</td><td>0.0006110101</td><td>0.0008408795</td></tr>\n",
       "\t<tr><th scope=row>doc 91</th><td>0.0010821181</td><td>0.9764409387</td><td>0.0165772977</td><td>0.0030435072</td><td>0.0028561383</td></tr>\n",
       "\t<tr><th scope=row>doc 92</th><td>0.0012045798</td><td>0.0019829969</td><td>0.9927163513</td><td>0.0019597650</td><td>0.0021363069</td></tr>\n",
       "\t<tr><th scope=row>doc 93</th><td>0.0007595023</td><td>0.0009714533</td><td>0.9950928931</td><td>0.0010770344</td><td>0.0020991169</td></tr>\n",
       "\t<tr><th scope=row>doc 94</th><td>0.2464701764</td><td>0.0022782754</td><td>0.7453459358</td><td>0.0037320889</td><td>0.0021735235</td></tr>\n",
       "\t<tr><th scope=row>doc 95</th><td>0.9979028075</td><td>0.0006603385</td><td>0.0004751611</td><td>0.0005162627</td><td>0.0004454302</td></tr>\n",
       "\t<tr><th scope=row>doc 96</th><td>0.9917323159</td><td>0.0056888692</td><td>0.0007572291</td><td>0.0006722605</td><td>0.0011493252</td></tr>\n",
       "\t<tr><th scope=row>doc 97</th><td>0.0002026384</td><td>0.0002160238</td><td>0.0006911803</td><td>0.9986476662</td><td>0.0002424913</td></tr>\n",
       "\t<tr><th scope=row>doc 98</th><td>0.9945032860</td><td>0.0033123767</td><td>0.0006747776</td><td>0.0006353758</td><td>0.0008741839</td></tr>\n",
       "\t<tr><th scope=row>doc 99</th><td>0.9961657841</td><td>0.0018364511</td><td>0.0006098431</td><td>0.0005724204</td><td>0.0008155013</td></tr>\n",
       "\t<tr><th scope=row>doc 100</th><td>0.0002788715</td><td>0.0002843094</td><td>0.9983573791</td><td>0.0006390994</td><td>0.0004403406</td></tr>\n",
       "</tbody>\n",
       "</table>\n"
      ],
      "text/latex": [
       "\\begin{tabular}{r|lllll}\n",
       "  & 1 & 2 & 3 & 4 & 5\\\\\n",
       "\\hline\n",
       "\tdoc 1 & 0.0003804881 & 0.0003629870 & 0.0003887559 & 0.0004963133 & 0.9983714558\\\\\n",
       "\tdoc 2 & 0.0787720082 & 0.0004294764 & 0.9194568572 & 0.0009208929 & 0.0004207653\\\\\n",
       "\tdoc 3 & 0.2427068714 & 0.7541407385 & 0.0011033368 & 0.0011612244 & 0.0008878289\\\\\n",
       "\tdoc 4 & 0.0006958649 & 0.0007954995 & 0.9966584394 & 0.0009816394 & 0.0008685568\\\\\n",
       "\tdoc 5 & 0.7322666818 & 0.2648367178 & 0.0008143191 & 0.0009495948 & 0.0011326865\\\\\n",
       "\tdoc 6 & 0.0024690337 & 0.9947184369 & 0.0008444133 & 0.0009079688 & 0.0010601473\\\\\n",
       "\tdoc 7 & 0.0004053569 & 0.0004854877 & 0.9976364545 & 0.0009509616 & 0.0005217393\\\\\n",
       "\tdoc 8 & 0.0009355387 & 0.2263843444 & 0.0010035108 & 0.0006889765 & 0.7709876296\\\\\n",
       "\tdoc 9 & 0.0002743215 & 0.0002905386 & 0.0017313983 & 0.9973673553 & 0.0003363862\\\\\n",
       "\tdoc 10 & 0.7574551148 & 0.2406038249 & 0.0007016873 & 0.0005767519 & 0.0006626211\\\\\n",
       "\tdoc 11 & 0.1874152568 & 0.0018212692 & 0.8021856133 & 0.0068625398 & 0.0017153208\\\\\n",
       "\tdoc 12 & 0.9941751307 & 0.0011928126 & 0.0011437892 & 0.0026464026 & 0.0008418649\\\\\n",
       "\tdoc 13 & 0.0006371747 & 0.9968089818 & 0.0008061844 & 0.0007042248 & 0.0010434344\\\\\n",
       "\tdoc 14 & 0.9966004170 & 0.0012493731 & 0.0005861387 & 0.0008373782 & 0.0007266929\\\\\n",
       "\tdoc 15 & 0.0011079911 & 0.0017452545 & 0.0007539649 & 0.0006327352 & 0.9957600544\\\\\n",
       "\tdoc 16 & 0.2155420166 & 0.7826454744 & 0.0005651631 & 0.0005639901 & 0.0006833558\\\\\n",
       "\tdoc 17 & 0.9975998564 & 0.0007965078 & 0.0004893855 & 0.0005509220 & 0.0005633284\\\\\n",
       "\tdoc 18 & 0.3479396892 & 0.6497245630 & 0.0006239097 & 0.0007081304 & 0.0010037077\\\\\n",
       "\tdoc 19 & 0.0005158882 & 0.1319442706 & 0.0003920592 & 0.0003776575 & 0.8667701245\\\\\n",
       "\tdoc 20 & 0.0006295103 & 0.0007617078 & 0.9964008672 & 0.0013511689 & 0.0008567459\\\\\n",
       "\tdoc 21 & 0.0002805372 & 0.0003639180 & 0.0078413680 & 0.0004589314 & 0.9910552455\\\\\n",
       "\tdoc 22 & 0.0011679990 & 0.0007682565 & 0.0017845582 & 0.9954626375 & 0.0008165488\\\\\n",
       "\tdoc 23 & 0.0006139915 & 0.0002502095 & 0.0007064151 & 0.9981725677 & 0.0002568162\\\\\n",
       "\tdoc 24 & 0.0010210447 & 0.0007433781 & 0.0025969377 & 0.9948034123 & 0.0008352273\\\\\n",
       "\tdoc 25 & 0.0005174748 & 0.0005558348 & 0.2806682914 & 0.7176014455 & 0.0006569535\\\\\n",
       "\tdoc 26 & 0.3804048311 & 0.6166908161 & 0.0009692049 & 0.0009747261 & 0.0009604218\\\\\n",
       "\tdoc 27 & 0.0007412483 & 0.6949271104 & 0.0005665513 & 0.0005607334 & 0.3032043566\\\\\n",
       "\tdoc 28 & 0.9924742236 & 0.0022765132 & 0.0028474480 & 0.0014643807 & 0.0009374345\\\\\n",
       "\tdoc 29 & 0.0007372132 & 0.7396155351 & 0.0004476733 & 0.0005335057 & 0.2586660727\\\\\n",
       "\tdoc 30 & 0.9960823455 & 0.0018599491 & 0.0005801389 & 0.0006925797 & 0.0007849868\\\\\n",
       "\t... & ... & ... & ... & ... & ...\\\\\n",
       "\tdoc 71 & 0.9983438686 & 0.0004555588 & 0.0003668659 & 0.0004314624 & 0.0004022444\\\\\n",
       "\tdoc 72 & 0.3632957725 & 0.0005621838 & 0.0002501390 & 0.6352405999 & 0.0006513048\\\\\n",
       "\tdoc 73 & 0.0024187447 & 0.0019985076 & 0.3646232133 & 0.6276908386 & 0.0032686959\\\\\n",
       "\tdoc 74 & 0.0023211543 & 0.9964886203 & 0.0003984546 & 0.0003901594 & 0.0004016115\\\\\n",
       "\tdoc 75 & 0.0004973487 & 0.0004668701 & 0.9975974301 & 0.0008667417 & 0.0005716094\\\\\n",
       "\tdoc 76 & 0.0003074319 & 0.0003214273 & 0.9983971376 & 0.0005051686 & 0.0004688346\\\\\n",
       "\tdoc 77 & 0.9955495628 & 0.0023848825 & 0.0007066931 & 0.0006246147 & 0.0007342468\\\\\n",
       "\tdoc 78 & 0.0021441736 & 0.7410592687 & 0.2512533815 & 0.0018193005 & 0.0037238757\\\\\n",
       "\tdoc 79 & 0.9970880875 & 0.0012122012 & 0.0005759451 & 0.0005376289 & 0.0005861373\\\\\n",
       "\tdoc 80 & 0.0009872019 & 0.9951484465 & 0.0020957365 & 0.0006937291 & 0.0010748859\\\\\n",
       "\tdoc 81 & 0.9961092223 & 0.0012663420 & 0.0010332411 & 0.0007692488 & 0.0008219458\\\\\n",
       "\tdoc 82 & 0.0005999661 & 0.0006010292 & 0.9973055122 & 0.0007524535 & 0.0007410390\\\\\n",
       "\tdoc 83 & 0.3050011600 & 0.6921648035 & 0.0008865748 & 0.0011315056 & 0.0008159561\\\\\n",
       "\tdoc 84 & 0.0010551272 & 0.6839139004 & 0.0006294710 & 0.0008729154 & 0.3135285860\\\\\n",
       "\tdoc 85 & 0.0003991224 & 0.0005847757 & 0.0006627508 & 0.0007079336 & 0.9976454176\\\\\n",
       "\tdoc 86 & 0.0006453149 & 0.8102557023 & 0.0004978560 & 0.0004485704 & 0.1881525564\\\\\n",
       "\tdoc 87 & 0.9950189896 & 0.0022537718 & 0.0008583810 & 0.0006856906 & 0.0011831671\\\\\n",
       "\tdoc 88 & 0.0009572608 & 0.2009335564 & 0.0007507765 & 0.0006737304 & 0.7966846760\\\\\n",
       "\tdoc 89 & 0.9969186710 & 0.0009446548 & 0.0007600075 & 0.0007031635 & 0.0006735032\\\\\n",
       "\tdoc 90 & 0.8320480052 & 0.1657546561 & 0.0007454492 & 0.0006110101 & 0.0008408795\\\\\n",
       "\tdoc 91 & 0.0010821181 & 0.9764409387 & 0.0165772977 & 0.0030435072 & 0.0028561383\\\\\n",
       "\tdoc 92 & 0.0012045798 & 0.0019829969 & 0.9927163513 & 0.0019597650 & 0.0021363069\\\\\n",
       "\tdoc 93 & 0.0007595023 & 0.0009714533 & 0.9950928931 & 0.0010770344 & 0.0020991169\\\\\n",
       "\tdoc 94 & 0.2464701764 & 0.0022782754 & 0.7453459358 & 0.0037320889 & 0.0021735235\\\\\n",
       "\tdoc 95 & 0.9979028075 & 0.0006603385 & 0.0004751611 & 0.0005162627 & 0.0004454302\\\\\n",
       "\tdoc 96 & 0.9917323159 & 0.0056888692 & 0.0007572291 & 0.0006722605 & 0.0011493252\\\\\n",
       "\tdoc 97 & 0.0002026384 & 0.0002160238 & 0.0006911803 & 0.9986476662 & 0.0002424913\\\\\n",
       "\tdoc 98 & 0.9945032860 & 0.0033123767 & 0.0006747776 & 0.0006353758 & 0.0008741839\\\\\n",
       "\tdoc 99 & 0.9961657841 & 0.0018364511 & 0.0006098431 & 0.0005724204 & 0.0008155013\\\\\n",
       "\tdoc 100 & 0.0002788715 & 0.0002843094 & 0.9983573791 & 0.0006390994 & 0.0004403406\\\\\n",
       "\\end{tabular}\n"
      ],
      "text/markdown": [
       "\n",
       "| <!--/--> | 1 | 2 | 3 | 4 | 5 |\n",
       "|---|---|---|---|---|---|\n",
       "| doc 1 | 0.0003804881 | 0.0003629870 | 0.0003887559 | 0.0004963133 | 0.9983714558 |\n",
       "| doc 2 | 0.0787720082 | 0.0004294764 | 0.9194568572 | 0.0009208929 | 0.0004207653 |\n",
       "| doc 3 | 0.2427068714 | 0.7541407385 | 0.0011033368 | 0.0011612244 | 0.0008878289 |\n",
       "| doc 4 | 0.0006958649 | 0.0007954995 | 0.9966584394 | 0.0009816394 | 0.0008685568 |\n",
       "| doc 5 | 0.7322666818 | 0.2648367178 | 0.0008143191 | 0.0009495948 | 0.0011326865 |\n",
       "| doc 6 | 0.0024690337 | 0.9947184369 | 0.0008444133 | 0.0009079688 | 0.0010601473 |\n",
       "| doc 7 | 0.0004053569 | 0.0004854877 | 0.9976364545 | 0.0009509616 | 0.0005217393 |\n",
       "| doc 8 | 0.0009355387 | 0.2263843444 | 0.0010035108 | 0.0006889765 | 0.7709876296 |\n",
       "| doc 9 | 0.0002743215 | 0.0002905386 | 0.0017313983 | 0.9973673553 | 0.0003363862 |\n",
       "| doc 10 | 0.7574551148 | 0.2406038249 | 0.0007016873 | 0.0005767519 | 0.0006626211 |\n",
       "| doc 11 | 0.1874152568 | 0.0018212692 | 0.8021856133 | 0.0068625398 | 0.0017153208 |\n",
       "| doc 12 | 0.9941751307 | 0.0011928126 | 0.0011437892 | 0.0026464026 | 0.0008418649 |\n",
       "| doc 13 | 0.0006371747 | 0.9968089818 | 0.0008061844 | 0.0007042248 | 0.0010434344 |\n",
       "| doc 14 | 0.9966004170 | 0.0012493731 | 0.0005861387 | 0.0008373782 | 0.0007266929 |\n",
       "| doc 15 | 0.0011079911 | 0.0017452545 | 0.0007539649 | 0.0006327352 | 0.9957600544 |\n",
       "| doc 16 | 0.2155420166 | 0.7826454744 | 0.0005651631 | 0.0005639901 | 0.0006833558 |\n",
       "| doc 17 | 0.9975998564 | 0.0007965078 | 0.0004893855 | 0.0005509220 | 0.0005633284 |\n",
       "| doc 18 | 0.3479396892 | 0.6497245630 | 0.0006239097 | 0.0007081304 | 0.0010037077 |\n",
       "| doc 19 | 0.0005158882 | 0.1319442706 | 0.0003920592 | 0.0003776575 | 0.8667701245 |\n",
       "| doc 20 | 0.0006295103 | 0.0007617078 | 0.9964008672 | 0.0013511689 | 0.0008567459 |\n",
       "| doc 21 | 0.0002805372 | 0.0003639180 | 0.0078413680 | 0.0004589314 | 0.9910552455 |\n",
       "| doc 22 | 0.0011679990 | 0.0007682565 | 0.0017845582 | 0.9954626375 | 0.0008165488 |\n",
       "| doc 23 | 0.0006139915 | 0.0002502095 | 0.0007064151 | 0.9981725677 | 0.0002568162 |\n",
       "| doc 24 | 0.0010210447 | 0.0007433781 | 0.0025969377 | 0.9948034123 | 0.0008352273 |\n",
       "| doc 25 | 0.0005174748 | 0.0005558348 | 0.2806682914 | 0.7176014455 | 0.0006569535 |\n",
       "| doc 26 | 0.3804048311 | 0.6166908161 | 0.0009692049 | 0.0009747261 | 0.0009604218 |\n",
       "| doc 27 | 0.0007412483 | 0.6949271104 | 0.0005665513 | 0.0005607334 | 0.3032043566 |\n",
       "| doc 28 | 0.9924742236 | 0.0022765132 | 0.0028474480 | 0.0014643807 | 0.0009374345 |\n",
       "| doc 29 | 0.0007372132 | 0.7396155351 | 0.0004476733 | 0.0005335057 | 0.2586660727 |\n",
       "| doc 30 | 0.9960823455 | 0.0018599491 | 0.0005801389 | 0.0006925797 | 0.0007849868 |\n",
       "| ... | ... | ... | ... | ... | ... |\n",
       "| doc 71 | 0.9983438686 | 0.0004555588 | 0.0003668659 | 0.0004314624 | 0.0004022444 |\n",
       "| doc 72 | 0.3632957725 | 0.0005621838 | 0.0002501390 | 0.6352405999 | 0.0006513048 |\n",
       "| doc 73 | 0.0024187447 | 0.0019985076 | 0.3646232133 | 0.6276908386 | 0.0032686959 |\n",
       "| doc 74 | 0.0023211543 | 0.9964886203 | 0.0003984546 | 0.0003901594 | 0.0004016115 |\n",
       "| doc 75 | 0.0004973487 | 0.0004668701 | 0.9975974301 | 0.0008667417 | 0.0005716094 |\n",
       "| doc 76 | 0.0003074319 | 0.0003214273 | 0.9983971376 | 0.0005051686 | 0.0004688346 |\n",
       "| doc 77 | 0.9955495628 | 0.0023848825 | 0.0007066931 | 0.0006246147 | 0.0007342468 |\n",
       "| doc 78 | 0.0021441736 | 0.7410592687 | 0.2512533815 | 0.0018193005 | 0.0037238757 |\n",
       "| doc 79 | 0.9970880875 | 0.0012122012 | 0.0005759451 | 0.0005376289 | 0.0005861373 |\n",
       "| doc 80 | 0.0009872019 | 0.9951484465 | 0.0020957365 | 0.0006937291 | 0.0010748859 |\n",
       "| doc 81 | 0.9961092223 | 0.0012663420 | 0.0010332411 | 0.0007692488 | 0.0008219458 |\n",
       "| doc 82 | 0.0005999661 | 0.0006010292 | 0.9973055122 | 0.0007524535 | 0.0007410390 |\n",
       "| doc 83 | 0.3050011600 | 0.6921648035 | 0.0008865748 | 0.0011315056 | 0.0008159561 |\n",
       "| doc 84 | 0.0010551272 | 0.6839139004 | 0.0006294710 | 0.0008729154 | 0.3135285860 |\n",
       "| doc 85 | 0.0003991224 | 0.0005847757 | 0.0006627508 | 0.0007079336 | 0.9976454176 |\n",
       "| doc 86 | 0.0006453149 | 0.8102557023 | 0.0004978560 | 0.0004485704 | 0.1881525564 |\n",
       "| doc 87 | 0.9950189896 | 0.0022537718 | 0.0008583810 | 0.0006856906 | 0.0011831671 |\n",
       "| doc 88 | 0.0009572608 | 0.2009335564 | 0.0007507765 | 0.0006737304 | 0.7966846760 |\n",
       "| doc 89 | 0.9969186710 | 0.0009446548 | 0.0007600075 | 0.0007031635 | 0.0006735032 |\n",
       "| doc 90 | 0.8320480052 | 0.1657546561 | 0.0007454492 | 0.0006110101 | 0.0008408795 |\n",
       "| doc 91 | 0.0010821181 | 0.9764409387 | 0.0165772977 | 0.0030435072 | 0.0028561383 |\n",
       "| doc 92 | 0.0012045798 | 0.0019829969 | 0.9927163513 | 0.0019597650 | 0.0021363069 |\n",
       "| doc 93 | 0.0007595023 | 0.0009714533 | 0.9950928931 | 0.0010770344 | 0.0020991169 |\n",
       "| doc 94 | 0.2464701764 | 0.0022782754 | 0.7453459358 | 0.0037320889 | 0.0021735235 |\n",
       "| doc 95 | 0.9979028075 | 0.0006603385 | 0.0004751611 | 0.0005162627 | 0.0004454302 |\n",
       "| doc 96 | 0.9917323159 | 0.0056888692 | 0.0007572291 | 0.0006722605 | 0.0011493252 |\n",
       "| doc 97 | 0.0002026384 | 0.0002160238 | 0.0006911803 | 0.9986476662 | 0.0002424913 |\n",
       "| doc 98 | 0.9945032860 | 0.0033123767 | 0.0006747776 | 0.0006353758 | 0.0008741839 |\n",
       "| doc 99 | 0.9961657841 | 0.0018364511 | 0.0006098431 | 0.0005724204 | 0.0008155013 |\n",
       "| doc 100 | 0.0002788715 | 0.0002843094 | 0.9983573791 | 0.0006390994 | 0.0004403406 |\n",
       "\n"
      ],
      "text/plain": [
       "        1            2            3            4            5           \n",
       "doc 1   0.0003804881 0.0003629870 0.0003887559 0.0004963133 0.9983714558\n",
       "doc 2   0.0787720082 0.0004294764 0.9194568572 0.0009208929 0.0004207653\n",
       "doc 3   0.2427068714 0.7541407385 0.0011033368 0.0011612244 0.0008878289\n",
       "doc 4   0.0006958649 0.0007954995 0.9966584394 0.0009816394 0.0008685568\n",
       "doc 5   0.7322666818 0.2648367178 0.0008143191 0.0009495948 0.0011326865\n",
       "doc 6   0.0024690337 0.9947184369 0.0008444133 0.0009079688 0.0010601473\n",
       "doc 7   0.0004053569 0.0004854877 0.9976364545 0.0009509616 0.0005217393\n",
       "doc 8   0.0009355387 0.2263843444 0.0010035108 0.0006889765 0.7709876296\n",
       "doc 9   0.0002743215 0.0002905386 0.0017313983 0.9973673553 0.0003363862\n",
       "doc 10  0.7574551148 0.2406038249 0.0007016873 0.0005767519 0.0006626211\n",
       "doc 11  0.1874152568 0.0018212692 0.8021856133 0.0068625398 0.0017153208\n",
       "doc 12  0.9941751307 0.0011928126 0.0011437892 0.0026464026 0.0008418649\n",
       "doc 13  0.0006371747 0.9968089818 0.0008061844 0.0007042248 0.0010434344\n",
       "doc 14  0.9966004170 0.0012493731 0.0005861387 0.0008373782 0.0007266929\n",
       "doc 15  0.0011079911 0.0017452545 0.0007539649 0.0006327352 0.9957600544\n",
       "doc 16  0.2155420166 0.7826454744 0.0005651631 0.0005639901 0.0006833558\n",
       "doc 17  0.9975998564 0.0007965078 0.0004893855 0.0005509220 0.0005633284\n",
       "doc 18  0.3479396892 0.6497245630 0.0006239097 0.0007081304 0.0010037077\n",
       "doc 19  0.0005158882 0.1319442706 0.0003920592 0.0003776575 0.8667701245\n",
       "doc 20  0.0006295103 0.0007617078 0.9964008672 0.0013511689 0.0008567459\n",
       "doc 21  0.0002805372 0.0003639180 0.0078413680 0.0004589314 0.9910552455\n",
       "doc 22  0.0011679990 0.0007682565 0.0017845582 0.9954626375 0.0008165488\n",
       "doc 23  0.0006139915 0.0002502095 0.0007064151 0.9981725677 0.0002568162\n",
       "doc 24  0.0010210447 0.0007433781 0.0025969377 0.9948034123 0.0008352273\n",
       "doc 25  0.0005174748 0.0005558348 0.2806682914 0.7176014455 0.0006569535\n",
       "doc 26  0.3804048311 0.6166908161 0.0009692049 0.0009747261 0.0009604218\n",
       "doc 27  0.0007412483 0.6949271104 0.0005665513 0.0005607334 0.3032043566\n",
       "doc 28  0.9924742236 0.0022765132 0.0028474480 0.0014643807 0.0009374345\n",
       "doc 29  0.0007372132 0.7396155351 0.0004476733 0.0005335057 0.2586660727\n",
       "doc 30  0.9960823455 0.0018599491 0.0005801389 0.0006925797 0.0007849868\n",
       "...     ...          ...          ...          ...          ...         \n",
       "doc 71  0.9983438686 0.0004555588 0.0003668659 0.0004314624 0.0004022444\n",
       "doc 72  0.3632957725 0.0005621838 0.0002501390 0.6352405999 0.0006513048\n",
       "doc 73  0.0024187447 0.0019985076 0.3646232133 0.6276908386 0.0032686959\n",
       "doc 74  0.0023211543 0.9964886203 0.0003984546 0.0003901594 0.0004016115\n",
       "doc 75  0.0004973487 0.0004668701 0.9975974301 0.0008667417 0.0005716094\n",
       "doc 76  0.0003074319 0.0003214273 0.9983971376 0.0005051686 0.0004688346\n",
       "doc 77  0.9955495628 0.0023848825 0.0007066931 0.0006246147 0.0007342468\n",
       "doc 78  0.0021441736 0.7410592687 0.2512533815 0.0018193005 0.0037238757\n",
       "doc 79  0.9970880875 0.0012122012 0.0005759451 0.0005376289 0.0005861373\n",
       "doc 80  0.0009872019 0.9951484465 0.0020957365 0.0006937291 0.0010748859\n",
       "doc 81  0.9961092223 0.0012663420 0.0010332411 0.0007692488 0.0008219458\n",
       "doc 82  0.0005999661 0.0006010292 0.9973055122 0.0007524535 0.0007410390\n",
       "doc 83  0.3050011600 0.6921648035 0.0008865748 0.0011315056 0.0008159561\n",
       "doc 84  0.0010551272 0.6839139004 0.0006294710 0.0008729154 0.3135285860\n",
       "doc 85  0.0003991224 0.0005847757 0.0006627508 0.0007079336 0.9976454176\n",
       "doc 86  0.0006453149 0.8102557023 0.0004978560 0.0004485704 0.1881525564\n",
       "doc 87  0.9950189896 0.0022537718 0.0008583810 0.0006856906 0.0011831671\n",
       "doc 88  0.0009572608 0.2009335564 0.0007507765 0.0006737304 0.7966846760\n",
       "doc 89  0.9969186710 0.0009446548 0.0007600075 0.0007031635 0.0006735032\n",
       "doc 90  0.8320480052 0.1657546561 0.0007454492 0.0006110101 0.0008408795\n",
       "doc 91  0.0010821181 0.9764409387 0.0165772977 0.0030435072 0.0028561383\n",
       "doc 92  0.0012045798 0.0019829969 0.9927163513 0.0019597650 0.0021363069\n",
       "doc 93  0.0007595023 0.0009714533 0.9950928931 0.0010770344 0.0020991169\n",
       "doc 94  0.2464701764 0.0022782754 0.7453459358 0.0037320889 0.0021735235\n",
       "doc 95  0.9979028075 0.0006603385 0.0004751611 0.0005162627 0.0004454302\n",
       "doc 96  0.9917323159 0.0056888692 0.0007572291 0.0006722605 0.0011493252\n",
       "doc 97  0.0002026384 0.0002160238 0.0006911803 0.9986476662 0.0002424913\n",
       "doc 98  0.9945032860 0.0033123767 0.0006747776 0.0006353758 0.0008741839\n",
       "doc 99  0.9961657841 0.0018364511 0.0006098431 0.0005724204 0.0008155013\n",
       "doc 100 0.0002788715 0.0002843094 0.9983573791 0.0006390994 0.0004403406"
      ]
     },
     "metadata": {},
     "output_type": "display_data"
    }
   ],
   "source": [
    "fit$omega"
   ]
  }
 ],
 "metadata": {
  "kernelspec": {
   "display_name": "R",
   "language": "R",
   "name": "ir"
  },
  "language_info": {
   "codemirror_mode": "r",
   "file_extension": ".r",
   "mimetype": "text/x-r-source",
   "name": "R",
   "pygments_lexer": "r",
   "version": "3.6.1"
  }
 },
 "nbformat": 4,
 "nbformat_minor": 4
}
